# needed low high octet, then needed low high after it or refused: every octet from every state of spec/lean/Stdx/Json/Utf8.lean, which starts at 0 128 191. Generated by spec/lean/Vectors.lean; do not edit.
0 128 191 0 0 128 191
0 128 191 1 0 128 191
0 128 191 2 0 128 191
0 128 191 3 0 128 191
0 128 191 4 0 128 191
0 128 191 5 0 128 191
0 128 191 6 0 128 191
0 128 191 7 0 128 191
0 128 191 8 0 128 191
0 128 191 9 0 128 191
0 128 191 10 0 128 191
0 128 191 11 0 128 191
0 128 191 12 0 128 191
0 128 191 13 0 128 191
0 128 191 14 0 128 191
0 128 191 15 0 128 191
0 128 191 16 0 128 191
0 128 191 17 0 128 191
0 128 191 18 0 128 191
0 128 191 19 0 128 191
0 128 191 20 0 128 191
0 128 191 21 0 128 191
0 128 191 22 0 128 191
0 128 191 23 0 128 191
0 128 191 24 0 128 191
0 128 191 25 0 128 191
0 128 191 26 0 128 191
0 128 191 27 0 128 191
0 128 191 28 0 128 191
0 128 191 29 0 128 191
0 128 191 30 0 128 191
0 128 191 31 0 128 191
0 128 191 32 0 128 191
0 128 191 33 0 128 191
0 128 191 34 0 128 191
0 128 191 35 0 128 191
0 128 191 36 0 128 191
0 128 191 37 0 128 191
0 128 191 38 0 128 191
0 128 191 39 0 128 191
0 128 191 40 0 128 191
0 128 191 41 0 128 191
0 128 191 42 0 128 191
0 128 191 43 0 128 191
0 128 191 44 0 128 191
0 128 191 45 0 128 191
0 128 191 46 0 128 191
0 128 191 47 0 128 191
0 128 191 48 0 128 191
0 128 191 49 0 128 191
0 128 191 50 0 128 191
0 128 191 51 0 128 191
0 128 191 52 0 128 191
0 128 191 53 0 128 191
0 128 191 54 0 128 191
0 128 191 55 0 128 191
0 128 191 56 0 128 191
0 128 191 57 0 128 191
0 128 191 58 0 128 191
0 128 191 59 0 128 191
0 128 191 60 0 128 191
0 128 191 61 0 128 191
0 128 191 62 0 128 191
0 128 191 63 0 128 191
0 128 191 64 0 128 191
0 128 191 65 0 128 191
0 128 191 66 0 128 191
0 128 191 67 0 128 191
0 128 191 68 0 128 191
0 128 191 69 0 128 191
0 128 191 70 0 128 191
0 128 191 71 0 128 191
0 128 191 72 0 128 191
0 128 191 73 0 128 191
0 128 191 74 0 128 191
0 128 191 75 0 128 191
0 128 191 76 0 128 191
0 128 191 77 0 128 191
0 128 191 78 0 128 191
0 128 191 79 0 128 191
0 128 191 80 0 128 191
0 128 191 81 0 128 191
0 128 191 82 0 128 191
0 128 191 83 0 128 191
0 128 191 84 0 128 191
0 128 191 85 0 128 191
0 128 191 86 0 128 191
0 128 191 87 0 128 191
0 128 191 88 0 128 191
0 128 191 89 0 128 191
0 128 191 90 0 128 191
0 128 191 91 0 128 191
0 128 191 92 0 128 191
0 128 191 93 0 128 191
0 128 191 94 0 128 191
0 128 191 95 0 128 191
0 128 191 96 0 128 191
0 128 191 97 0 128 191
0 128 191 98 0 128 191
0 128 191 99 0 128 191
0 128 191 100 0 128 191
0 128 191 101 0 128 191
0 128 191 102 0 128 191
0 128 191 103 0 128 191
0 128 191 104 0 128 191
0 128 191 105 0 128 191
0 128 191 106 0 128 191
0 128 191 107 0 128 191
0 128 191 108 0 128 191
0 128 191 109 0 128 191
0 128 191 110 0 128 191
0 128 191 111 0 128 191
0 128 191 112 0 128 191
0 128 191 113 0 128 191
0 128 191 114 0 128 191
0 128 191 115 0 128 191
0 128 191 116 0 128 191
0 128 191 117 0 128 191
0 128 191 118 0 128 191
0 128 191 119 0 128 191
0 128 191 120 0 128 191
0 128 191 121 0 128 191
0 128 191 122 0 128 191
0 128 191 123 0 128 191
0 128 191 124 0 128 191
0 128 191 125 0 128 191
0 128 191 126 0 128 191
0 128 191 127 0 128 191
0 128 191 128 refused
0 128 191 129 refused
0 128 191 130 refused
0 128 191 131 refused
0 128 191 132 refused
0 128 191 133 refused
0 128 191 134 refused
0 128 191 135 refused
0 128 191 136 refused
0 128 191 137 refused
0 128 191 138 refused
0 128 191 139 refused
0 128 191 140 refused
0 128 191 141 refused
0 128 191 142 refused
0 128 191 143 refused
0 128 191 144 refused
0 128 191 145 refused
0 128 191 146 refused
0 128 191 147 refused
0 128 191 148 refused
0 128 191 149 refused
0 128 191 150 refused
0 128 191 151 refused
0 128 191 152 refused
0 128 191 153 refused
0 128 191 154 refused
0 128 191 155 refused
0 128 191 156 refused
0 128 191 157 refused
0 128 191 158 refused
0 128 191 159 refused
0 128 191 160 refused
0 128 191 161 refused
0 128 191 162 refused
0 128 191 163 refused
0 128 191 164 refused
0 128 191 165 refused
0 128 191 166 refused
0 128 191 167 refused
0 128 191 168 refused
0 128 191 169 refused
0 128 191 170 refused
0 128 191 171 refused
0 128 191 172 refused
0 128 191 173 refused
0 128 191 174 refused
0 128 191 175 refused
0 128 191 176 refused
0 128 191 177 refused
0 128 191 178 refused
0 128 191 179 refused
0 128 191 180 refused
0 128 191 181 refused
0 128 191 182 refused
0 128 191 183 refused
0 128 191 184 refused
0 128 191 185 refused
0 128 191 186 refused
0 128 191 187 refused
0 128 191 188 refused
0 128 191 189 refused
0 128 191 190 refused
0 128 191 191 refused
0 128 191 192 refused
0 128 191 193 refused
0 128 191 194 1 128 191
0 128 191 195 1 128 191
0 128 191 196 1 128 191
0 128 191 197 1 128 191
0 128 191 198 1 128 191
0 128 191 199 1 128 191
0 128 191 200 1 128 191
0 128 191 201 1 128 191
0 128 191 202 1 128 191
0 128 191 203 1 128 191
0 128 191 204 1 128 191
0 128 191 205 1 128 191
0 128 191 206 1 128 191
0 128 191 207 1 128 191
0 128 191 208 1 128 191
0 128 191 209 1 128 191
0 128 191 210 1 128 191
0 128 191 211 1 128 191
0 128 191 212 1 128 191
0 128 191 213 1 128 191
0 128 191 214 1 128 191
0 128 191 215 1 128 191
0 128 191 216 1 128 191
0 128 191 217 1 128 191
0 128 191 218 1 128 191
0 128 191 219 1 128 191
0 128 191 220 1 128 191
0 128 191 221 1 128 191
0 128 191 222 1 128 191
0 128 191 223 1 128 191
0 128 191 224 2 160 191
0 128 191 225 2 128 191
0 128 191 226 2 128 191
0 128 191 227 2 128 191
0 128 191 228 2 128 191
0 128 191 229 2 128 191
0 128 191 230 2 128 191
0 128 191 231 2 128 191
0 128 191 232 2 128 191
0 128 191 233 2 128 191
0 128 191 234 2 128 191
0 128 191 235 2 128 191
0 128 191 236 2 128 191
0 128 191 237 2 128 159
0 128 191 238 2 128 191
0 128 191 239 2 128 191
0 128 191 240 3 144 191
0 128 191 241 3 128 191
0 128 191 242 3 128 191
0 128 191 243 3 128 191
0 128 191 244 3 128 143
0 128 191 245 refused
0 128 191 246 refused
0 128 191 247 refused
0 128 191 248 refused
0 128 191 249 refused
0 128 191 250 refused
0 128 191 251 refused
0 128 191 252 refused
0 128 191 253 refused
0 128 191 254 refused
0 128 191 255 refused
1 128 191 0 refused
1 128 191 1 refused
1 128 191 2 refused
1 128 191 3 refused
1 128 191 4 refused
1 128 191 5 refused
1 128 191 6 refused
1 128 191 7 refused
1 128 191 8 refused
1 128 191 9 refused
1 128 191 10 refused
1 128 191 11 refused
1 128 191 12 refused
1 128 191 13 refused
1 128 191 14 refused
1 128 191 15 refused
1 128 191 16 refused
1 128 191 17 refused
1 128 191 18 refused
1 128 191 19 refused
1 128 191 20 refused
1 128 191 21 refused
1 128 191 22 refused
1 128 191 23 refused
1 128 191 24 refused
1 128 191 25 refused
1 128 191 26 refused
1 128 191 27 refused
1 128 191 28 refused
1 128 191 29 refused
1 128 191 30 refused
1 128 191 31 refused
1 128 191 32 refused
1 128 191 33 refused
1 128 191 34 refused
1 128 191 35 refused
1 128 191 36 refused
1 128 191 37 refused
1 128 191 38 refused
1 128 191 39 refused
1 128 191 40 refused
1 128 191 41 refused
1 128 191 42 refused
1 128 191 43 refused
1 128 191 44 refused
1 128 191 45 refused
1 128 191 46 refused
1 128 191 47 refused
1 128 191 48 refused
1 128 191 49 refused
1 128 191 50 refused
1 128 191 51 refused
1 128 191 52 refused
1 128 191 53 refused
1 128 191 54 refused
1 128 191 55 refused
1 128 191 56 refused
1 128 191 57 refused
1 128 191 58 refused
1 128 191 59 refused
1 128 191 60 refused
1 128 191 61 refused
1 128 191 62 refused
1 128 191 63 refused
1 128 191 64 refused
1 128 191 65 refused
1 128 191 66 refused
1 128 191 67 refused
1 128 191 68 refused
1 128 191 69 refused
1 128 191 70 refused
1 128 191 71 refused
1 128 191 72 refused
1 128 191 73 refused
1 128 191 74 refused
1 128 191 75 refused
1 128 191 76 refused
1 128 191 77 refused
1 128 191 78 refused
1 128 191 79 refused
1 128 191 80 refused
1 128 191 81 refused
1 128 191 82 refused
1 128 191 83 refused
1 128 191 84 refused
1 128 191 85 refused
1 128 191 86 refused
1 128 191 87 refused
1 128 191 88 refused
1 128 191 89 refused
1 128 191 90 refused
1 128 191 91 refused
1 128 191 92 refused
1 128 191 93 refused
1 128 191 94 refused
1 128 191 95 refused
1 128 191 96 refused
1 128 191 97 refused
1 128 191 98 refused
1 128 191 99 refused
1 128 191 100 refused
1 128 191 101 refused
1 128 191 102 refused
1 128 191 103 refused
1 128 191 104 refused
1 128 191 105 refused
1 128 191 106 refused
1 128 191 107 refused
1 128 191 108 refused
1 128 191 109 refused
1 128 191 110 refused
1 128 191 111 refused
1 128 191 112 refused
1 128 191 113 refused
1 128 191 114 refused
1 128 191 115 refused
1 128 191 116 refused
1 128 191 117 refused
1 128 191 118 refused
1 128 191 119 refused
1 128 191 120 refused
1 128 191 121 refused
1 128 191 122 refused
1 128 191 123 refused
1 128 191 124 refused
1 128 191 125 refused
1 128 191 126 refused
1 128 191 127 refused
1 128 191 128 0 128 191
1 128 191 129 0 128 191
1 128 191 130 0 128 191
1 128 191 131 0 128 191
1 128 191 132 0 128 191
1 128 191 133 0 128 191
1 128 191 134 0 128 191
1 128 191 135 0 128 191
1 128 191 136 0 128 191
1 128 191 137 0 128 191
1 128 191 138 0 128 191
1 128 191 139 0 128 191
1 128 191 140 0 128 191
1 128 191 141 0 128 191
1 128 191 142 0 128 191
1 128 191 143 0 128 191
1 128 191 144 0 128 191
1 128 191 145 0 128 191
1 128 191 146 0 128 191
1 128 191 147 0 128 191
1 128 191 148 0 128 191
1 128 191 149 0 128 191
1 128 191 150 0 128 191
1 128 191 151 0 128 191
1 128 191 152 0 128 191
1 128 191 153 0 128 191
1 128 191 154 0 128 191
1 128 191 155 0 128 191
1 128 191 156 0 128 191
1 128 191 157 0 128 191
1 128 191 158 0 128 191
1 128 191 159 0 128 191
1 128 191 160 0 128 191
1 128 191 161 0 128 191
1 128 191 162 0 128 191
1 128 191 163 0 128 191
1 128 191 164 0 128 191
1 128 191 165 0 128 191
1 128 191 166 0 128 191
1 128 191 167 0 128 191
1 128 191 168 0 128 191
1 128 191 169 0 128 191
1 128 191 170 0 128 191
1 128 191 171 0 128 191
1 128 191 172 0 128 191
1 128 191 173 0 128 191
1 128 191 174 0 128 191
1 128 191 175 0 128 191
1 128 191 176 0 128 191
1 128 191 177 0 128 191
1 128 191 178 0 128 191
1 128 191 179 0 128 191
1 128 191 180 0 128 191
1 128 191 181 0 128 191
1 128 191 182 0 128 191
1 128 191 183 0 128 191
1 128 191 184 0 128 191
1 128 191 185 0 128 191
1 128 191 186 0 128 191
1 128 191 187 0 128 191
1 128 191 188 0 128 191
1 128 191 189 0 128 191
1 128 191 190 0 128 191
1 128 191 191 0 128 191
1 128 191 192 refused
1 128 191 193 refused
1 128 191 194 refused
1 128 191 195 refused
1 128 191 196 refused
1 128 191 197 refused
1 128 191 198 refused
1 128 191 199 refused
1 128 191 200 refused
1 128 191 201 refused
1 128 191 202 refused
1 128 191 203 refused
1 128 191 204 refused
1 128 191 205 refused
1 128 191 206 refused
1 128 191 207 refused
1 128 191 208 refused
1 128 191 209 refused
1 128 191 210 refused
1 128 191 211 refused
1 128 191 212 refused
1 128 191 213 refused
1 128 191 214 refused
1 128 191 215 refused
1 128 191 216 refused
1 128 191 217 refused
1 128 191 218 refused
1 128 191 219 refused
1 128 191 220 refused
1 128 191 221 refused
1 128 191 222 refused
1 128 191 223 refused
1 128 191 224 refused
1 128 191 225 refused
1 128 191 226 refused
1 128 191 227 refused
1 128 191 228 refused
1 128 191 229 refused
1 128 191 230 refused
1 128 191 231 refused
1 128 191 232 refused
1 128 191 233 refused
1 128 191 234 refused
1 128 191 235 refused
1 128 191 236 refused
1 128 191 237 refused
1 128 191 238 refused
1 128 191 239 refused
1 128 191 240 refused
1 128 191 241 refused
1 128 191 242 refused
1 128 191 243 refused
1 128 191 244 refused
1 128 191 245 refused
1 128 191 246 refused
1 128 191 247 refused
1 128 191 248 refused
1 128 191 249 refused
1 128 191 250 refused
1 128 191 251 refused
1 128 191 252 refused
1 128 191 253 refused
1 128 191 254 refused
1 128 191 255 refused
2 128 191 0 refused
2 128 191 1 refused
2 128 191 2 refused
2 128 191 3 refused
2 128 191 4 refused
2 128 191 5 refused
2 128 191 6 refused
2 128 191 7 refused
2 128 191 8 refused
2 128 191 9 refused
2 128 191 10 refused
2 128 191 11 refused
2 128 191 12 refused
2 128 191 13 refused
2 128 191 14 refused
2 128 191 15 refused
2 128 191 16 refused
2 128 191 17 refused
2 128 191 18 refused
2 128 191 19 refused
2 128 191 20 refused
2 128 191 21 refused
2 128 191 22 refused
2 128 191 23 refused
2 128 191 24 refused
2 128 191 25 refused
2 128 191 26 refused
2 128 191 27 refused
2 128 191 28 refused
2 128 191 29 refused
2 128 191 30 refused
2 128 191 31 refused
2 128 191 32 refused
2 128 191 33 refused
2 128 191 34 refused
2 128 191 35 refused
2 128 191 36 refused
2 128 191 37 refused
2 128 191 38 refused
2 128 191 39 refused
2 128 191 40 refused
2 128 191 41 refused
2 128 191 42 refused
2 128 191 43 refused
2 128 191 44 refused
2 128 191 45 refused
2 128 191 46 refused
2 128 191 47 refused
2 128 191 48 refused
2 128 191 49 refused
2 128 191 50 refused
2 128 191 51 refused
2 128 191 52 refused
2 128 191 53 refused
2 128 191 54 refused
2 128 191 55 refused
2 128 191 56 refused
2 128 191 57 refused
2 128 191 58 refused
2 128 191 59 refused
2 128 191 60 refused
2 128 191 61 refused
2 128 191 62 refused
2 128 191 63 refused
2 128 191 64 refused
2 128 191 65 refused
2 128 191 66 refused
2 128 191 67 refused
2 128 191 68 refused
2 128 191 69 refused
2 128 191 70 refused
2 128 191 71 refused
2 128 191 72 refused
2 128 191 73 refused
2 128 191 74 refused
2 128 191 75 refused
2 128 191 76 refused
2 128 191 77 refused
2 128 191 78 refused
2 128 191 79 refused
2 128 191 80 refused
2 128 191 81 refused
2 128 191 82 refused
2 128 191 83 refused
2 128 191 84 refused
2 128 191 85 refused
2 128 191 86 refused
2 128 191 87 refused
2 128 191 88 refused
2 128 191 89 refused
2 128 191 90 refused
2 128 191 91 refused
2 128 191 92 refused
2 128 191 93 refused
2 128 191 94 refused
2 128 191 95 refused
2 128 191 96 refused
2 128 191 97 refused
2 128 191 98 refused
2 128 191 99 refused
2 128 191 100 refused
2 128 191 101 refused
2 128 191 102 refused
2 128 191 103 refused
2 128 191 104 refused
2 128 191 105 refused
2 128 191 106 refused
2 128 191 107 refused
2 128 191 108 refused
2 128 191 109 refused
2 128 191 110 refused
2 128 191 111 refused
2 128 191 112 refused
2 128 191 113 refused
2 128 191 114 refused
2 128 191 115 refused
2 128 191 116 refused
2 128 191 117 refused
2 128 191 118 refused
2 128 191 119 refused
2 128 191 120 refused
2 128 191 121 refused
2 128 191 122 refused
2 128 191 123 refused
2 128 191 124 refused
2 128 191 125 refused
2 128 191 126 refused
2 128 191 127 refused
2 128 191 128 1 128 191
2 128 191 129 1 128 191
2 128 191 130 1 128 191
2 128 191 131 1 128 191
2 128 191 132 1 128 191
2 128 191 133 1 128 191
2 128 191 134 1 128 191
2 128 191 135 1 128 191
2 128 191 136 1 128 191
2 128 191 137 1 128 191
2 128 191 138 1 128 191
2 128 191 139 1 128 191
2 128 191 140 1 128 191
2 128 191 141 1 128 191
2 128 191 142 1 128 191
2 128 191 143 1 128 191
2 128 191 144 1 128 191
2 128 191 145 1 128 191
2 128 191 146 1 128 191
2 128 191 147 1 128 191
2 128 191 148 1 128 191
2 128 191 149 1 128 191
2 128 191 150 1 128 191
2 128 191 151 1 128 191
2 128 191 152 1 128 191
2 128 191 153 1 128 191
2 128 191 154 1 128 191
2 128 191 155 1 128 191
2 128 191 156 1 128 191
2 128 191 157 1 128 191
2 128 191 158 1 128 191
2 128 191 159 1 128 191
2 128 191 160 1 128 191
2 128 191 161 1 128 191
2 128 191 162 1 128 191
2 128 191 163 1 128 191
2 128 191 164 1 128 191
2 128 191 165 1 128 191
2 128 191 166 1 128 191
2 128 191 167 1 128 191
2 128 191 168 1 128 191
2 128 191 169 1 128 191
2 128 191 170 1 128 191
2 128 191 171 1 128 191
2 128 191 172 1 128 191
2 128 191 173 1 128 191
2 128 191 174 1 128 191
2 128 191 175 1 128 191
2 128 191 176 1 128 191
2 128 191 177 1 128 191
2 128 191 178 1 128 191
2 128 191 179 1 128 191
2 128 191 180 1 128 191
2 128 191 181 1 128 191
2 128 191 182 1 128 191
2 128 191 183 1 128 191
2 128 191 184 1 128 191
2 128 191 185 1 128 191
2 128 191 186 1 128 191
2 128 191 187 1 128 191
2 128 191 188 1 128 191
2 128 191 189 1 128 191
2 128 191 190 1 128 191
2 128 191 191 1 128 191
2 128 191 192 refused
2 128 191 193 refused
2 128 191 194 refused
2 128 191 195 refused
2 128 191 196 refused
2 128 191 197 refused
2 128 191 198 refused
2 128 191 199 refused
2 128 191 200 refused
2 128 191 201 refused
2 128 191 202 refused
2 128 191 203 refused
2 128 191 204 refused
2 128 191 205 refused
2 128 191 206 refused
2 128 191 207 refused
2 128 191 208 refused
2 128 191 209 refused
2 128 191 210 refused
2 128 191 211 refused
2 128 191 212 refused
2 128 191 213 refused
2 128 191 214 refused
2 128 191 215 refused
2 128 191 216 refused
2 128 191 217 refused
2 128 191 218 refused
2 128 191 219 refused
2 128 191 220 refused
2 128 191 221 refused
2 128 191 222 refused
2 128 191 223 refused
2 128 191 224 refused
2 128 191 225 refused
2 128 191 226 refused
2 128 191 227 refused
2 128 191 228 refused
2 128 191 229 refused
2 128 191 230 refused
2 128 191 231 refused
2 128 191 232 refused
2 128 191 233 refused
2 128 191 234 refused
2 128 191 235 refused
2 128 191 236 refused
2 128 191 237 refused
2 128 191 238 refused
2 128 191 239 refused
2 128 191 240 refused
2 128 191 241 refused
2 128 191 242 refused
2 128 191 243 refused
2 128 191 244 refused
2 128 191 245 refused
2 128 191 246 refused
2 128 191 247 refused
2 128 191 248 refused
2 128 191 249 refused
2 128 191 250 refused
2 128 191 251 refused
2 128 191 252 refused
2 128 191 253 refused
2 128 191 254 refused
2 128 191 255 refused
3 128 191 0 refused
3 128 191 1 refused
3 128 191 2 refused
3 128 191 3 refused
3 128 191 4 refused
3 128 191 5 refused
3 128 191 6 refused
3 128 191 7 refused
3 128 191 8 refused
3 128 191 9 refused
3 128 191 10 refused
3 128 191 11 refused
3 128 191 12 refused
3 128 191 13 refused
3 128 191 14 refused
3 128 191 15 refused
3 128 191 16 refused
3 128 191 17 refused
3 128 191 18 refused
3 128 191 19 refused
3 128 191 20 refused
3 128 191 21 refused
3 128 191 22 refused
3 128 191 23 refused
3 128 191 24 refused
3 128 191 25 refused
3 128 191 26 refused
3 128 191 27 refused
3 128 191 28 refused
3 128 191 29 refused
3 128 191 30 refused
3 128 191 31 refused
3 128 191 32 refused
3 128 191 33 refused
3 128 191 34 refused
3 128 191 35 refused
3 128 191 36 refused
3 128 191 37 refused
3 128 191 38 refused
3 128 191 39 refused
3 128 191 40 refused
3 128 191 41 refused
3 128 191 42 refused
3 128 191 43 refused
3 128 191 44 refused
3 128 191 45 refused
3 128 191 46 refused
3 128 191 47 refused
3 128 191 48 refused
3 128 191 49 refused
3 128 191 50 refused
3 128 191 51 refused
3 128 191 52 refused
3 128 191 53 refused
3 128 191 54 refused
3 128 191 55 refused
3 128 191 56 refused
3 128 191 57 refused
3 128 191 58 refused
3 128 191 59 refused
3 128 191 60 refused
3 128 191 61 refused
3 128 191 62 refused
3 128 191 63 refused
3 128 191 64 refused
3 128 191 65 refused
3 128 191 66 refused
3 128 191 67 refused
3 128 191 68 refused
3 128 191 69 refused
3 128 191 70 refused
3 128 191 71 refused
3 128 191 72 refused
3 128 191 73 refused
3 128 191 74 refused
3 128 191 75 refused
3 128 191 76 refused
3 128 191 77 refused
3 128 191 78 refused
3 128 191 79 refused
3 128 191 80 refused
3 128 191 81 refused
3 128 191 82 refused
3 128 191 83 refused
3 128 191 84 refused
3 128 191 85 refused
3 128 191 86 refused
3 128 191 87 refused
3 128 191 88 refused
3 128 191 89 refused
3 128 191 90 refused
3 128 191 91 refused
3 128 191 92 refused
3 128 191 93 refused
3 128 191 94 refused
3 128 191 95 refused
3 128 191 96 refused
3 128 191 97 refused
3 128 191 98 refused
3 128 191 99 refused
3 128 191 100 refused
3 128 191 101 refused
3 128 191 102 refused
3 128 191 103 refused
3 128 191 104 refused
3 128 191 105 refused
3 128 191 106 refused
3 128 191 107 refused
3 128 191 108 refused
3 128 191 109 refused
3 128 191 110 refused
3 128 191 111 refused
3 128 191 112 refused
3 128 191 113 refused
3 128 191 114 refused
3 128 191 115 refused
3 128 191 116 refused
3 128 191 117 refused
3 128 191 118 refused
3 128 191 119 refused
3 128 191 120 refused
3 128 191 121 refused
3 128 191 122 refused
3 128 191 123 refused
3 128 191 124 refused
3 128 191 125 refused
3 128 191 126 refused
3 128 191 127 refused
3 128 191 128 2 128 191
3 128 191 129 2 128 191
3 128 191 130 2 128 191
3 128 191 131 2 128 191
3 128 191 132 2 128 191
3 128 191 133 2 128 191
3 128 191 134 2 128 191
3 128 191 135 2 128 191
3 128 191 136 2 128 191
3 128 191 137 2 128 191
3 128 191 138 2 128 191
3 128 191 139 2 128 191
3 128 191 140 2 128 191
3 128 191 141 2 128 191
3 128 191 142 2 128 191
3 128 191 143 2 128 191
3 128 191 144 2 128 191
3 128 191 145 2 128 191
3 128 191 146 2 128 191
3 128 191 147 2 128 191
3 128 191 148 2 128 191
3 128 191 149 2 128 191
3 128 191 150 2 128 191
3 128 191 151 2 128 191
3 128 191 152 2 128 191
3 128 191 153 2 128 191
3 128 191 154 2 128 191
3 128 191 155 2 128 191
3 128 191 156 2 128 191
3 128 191 157 2 128 191
3 128 191 158 2 128 191
3 128 191 159 2 128 191
3 128 191 160 2 128 191
3 128 191 161 2 128 191
3 128 191 162 2 128 191
3 128 191 163 2 128 191
3 128 191 164 2 128 191
3 128 191 165 2 128 191
3 128 191 166 2 128 191
3 128 191 167 2 128 191
3 128 191 168 2 128 191
3 128 191 169 2 128 191
3 128 191 170 2 128 191
3 128 191 171 2 128 191
3 128 191 172 2 128 191
3 128 191 173 2 128 191
3 128 191 174 2 128 191
3 128 191 175 2 128 191
3 128 191 176 2 128 191
3 128 191 177 2 128 191
3 128 191 178 2 128 191
3 128 191 179 2 128 191
3 128 191 180 2 128 191
3 128 191 181 2 128 191
3 128 191 182 2 128 191
3 128 191 183 2 128 191
3 128 191 184 2 128 191
3 128 191 185 2 128 191
3 128 191 186 2 128 191
3 128 191 187 2 128 191
3 128 191 188 2 128 191
3 128 191 189 2 128 191
3 128 191 190 2 128 191
3 128 191 191 2 128 191
3 128 191 192 refused
3 128 191 193 refused
3 128 191 194 refused
3 128 191 195 refused
3 128 191 196 refused
3 128 191 197 refused
3 128 191 198 refused
3 128 191 199 refused
3 128 191 200 refused
3 128 191 201 refused
3 128 191 202 refused
3 128 191 203 refused
3 128 191 204 refused
3 128 191 205 refused
3 128 191 206 refused
3 128 191 207 refused
3 128 191 208 refused
3 128 191 209 refused
3 128 191 210 refused
3 128 191 211 refused
3 128 191 212 refused
3 128 191 213 refused
3 128 191 214 refused
3 128 191 215 refused
3 128 191 216 refused
3 128 191 217 refused
3 128 191 218 refused
3 128 191 219 refused
3 128 191 220 refused
3 128 191 221 refused
3 128 191 222 refused
3 128 191 223 refused
3 128 191 224 refused
3 128 191 225 refused
3 128 191 226 refused
3 128 191 227 refused
3 128 191 228 refused
3 128 191 229 refused
3 128 191 230 refused
3 128 191 231 refused
3 128 191 232 refused
3 128 191 233 refused
3 128 191 234 refused
3 128 191 235 refused
3 128 191 236 refused
3 128 191 237 refused
3 128 191 238 refused
3 128 191 239 refused
3 128 191 240 refused
3 128 191 241 refused
3 128 191 242 refused
3 128 191 243 refused
3 128 191 244 refused
3 128 191 245 refused
3 128 191 246 refused
3 128 191 247 refused
3 128 191 248 refused
3 128 191 249 refused
3 128 191 250 refused
3 128 191 251 refused
3 128 191 252 refused
3 128 191 253 refused
3 128 191 254 refused
3 128 191 255 refused
2 160 191 0 refused
2 160 191 1 refused
2 160 191 2 refused
2 160 191 3 refused
2 160 191 4 refused
2 160 191 5 refused
2 160 191 6 refused
2 160 191 7 refused
2 160 191 8 refused
2 160 191 9 refused
2 160 191 10 refused
2 160 191 11 refused
2 160 191 12 refused
2 160 191 13 refused
2 160 191 14 refused
2 160 191 15 refused
2 160 191 16 refused
2 160 191 17 refused
2 160 191 18 refused
2 160 191 19 refused
2 160 191 20 refused
2 160 191 21 refused
2 160 191 22 refused
2 160 191 23 refused
2 160 191 24 refused
2 160 191 25 refused
2 160 191 26 refused
2 160 191 27 refused
2 160 191 28 refused
2 160 191 29 refused
2 160 191 30 refused
2 160 191 31 refused
2 160 191 32 refused
2 160 191 33 refused
2 160 191 34 refused
2 160 191 35 refused
2 160 191 36 refused
2 160 191 37 refused
2 160 191 38 refused
2 160 191 39 refused
2 160 191 40 refused
2 160 191 41 refused
2 160 191 42 refused
2 160 191 43 refused
2 160 191 44 refused
2 160 191 45 refused
2 160 191 46 refused
2 160 191 47 refused
2 160 191 48 refused
2 160 191 49 refused
2 160 191 50 refused
2 160 191 51 refused
2 160 191 52 refused
2 160 191 53 refused
2 160 191 54 refused
2 160 191 55 refused
2 160 191 56 refused
2 160 191 57 refused
2 160 191 58 refused
2 160 191 59 refused
2 160 191 60 refused
2 160 191 61 refused
2 160 191 62 refused
2 160 191 63 refused
2 160 191 64 refused
2 160 191 65 refused
2 160 191 66 refused
2 160 191 67 refused
2 160 191 68 refused
2 160 191 69 refused
2 160 191 70 refused
2 160 191 71 refused
2 160 191 72 refused
2 160 191 73 refused
2 160 191 74 refused
2 160 191 75 refused
2 160 191 76 refused
2 160 191 77 refused
2 160 191 78 refused
2 160 191 79 refused
2 160 191 80 refused
2 160 191 81 refused
2 160 191 82 refused
2 160 191 83 refused
2 160 191 84 refused
2 160 191 85 refused
2 160 191 86 refused
2 160 191 87 refused
2 160 191 88 refused
2 160 191 89 refused
2 160 191 90 refused
2 160 191 91 refused
2 160 191 92 refused
2 160 191 93 refused
2 160 191 94 refused
2 160 191 95 refused
2 160 191 96 refused
2 160 191 97 refused
2 160 191 98 refused
2 160 191 99 refused
2 160 191 100 refused
2 160 191 101 refused
2 160 191 102 refused
2 160 191 103 refused
2 160 191 104 refused
2 160 191 105 refused
2 160 191 106 refused
2 160 191 107 refused
2 160 191 108 refused
2 160 191 109 refused
2 160 191 110 refused
2 160 191 111 refused
2 160 191 112 refused
2 160 191 113 refused
2 160 191 114 refused
2 160 191 115 refused
2 160 191 116 refused
2 160 191 117 refused
2 160 191 118 refused
2 160 191 119 refused
2 160 191 120 refused
2 160 191 121 refused
2 160 191 122 refused
2 160 191 123 refused
2 160 191 124 refused
2 160 191 125 refused
2 160 191 126 refused
2 160 191 127 refused
2 160 191 128 refused
2 160 191 129 refused
2 160 191 130 refused
2 160 191 131 refused
2 160 191 132 refused
2 160 191 133 refused
2 160 191 134 refused
2 160 191 135 refused
2 160 191 136 refused
2 160 191 137 refused
2 160 191 138 refused
2 160 191 139 refused
2 160 191 140 refused
2 160 191 141 refused
2 160 191 142 refused
2 160 191 143 refused
2 160 191 144 refused
2 160 191 145 refused
2 160 191 146 refused
2 160 191 147 refused
2 160 191 148 refused
2 160 191 149 refused
2 160 191 150 refused
2 160 191 151 refused
2 160 191 152 refused
2 160 191 153 refused
2 160 191 154 refused
2 160 191 155 refused
2 160 191 156 refused
2 160 191 157 refused
2 160 191 158 refused
2 160 191 159 refused
2 160 191 160 1 128 191
2 160 191 161 1 128 191
2 160 191 162 1 128 191
2 160 191 163 1 128 191
2 160 191 164 1 128 191
2 160 191 165 1 128 191
2 160 191 166 1 128 191
2 160 191 167 1 128 191
2 160 191 168 1 128 191
2 160 191 169 1 128 191
2 160 191 170 1 128 191
2 160 191 171 1 128 191
2 160 191 172 1 128 191
2 160 191 173 1 128 191
2 160 191 174 1 128 191
2 160 191 175 1 128 191
2 160 191 176 1 128 191
2 160 191 177 1 128 191
2 160 191 178 1 128 191
2 160 191 179 1 128 191
2 160 191 180 1 128 191
2 160 191 181 1 128 191
2 160 191 182 1 128 191
2 160 191 183 1 128 191
2 160 191 184 1 128 191
2 160 191 185 1 128 191
2 160 191 186 1 128 191
2 160 191 187 1 128 191
2 160 191 188 1 128 191
2 160 191 189 1 128 191
2 160 191 190 1 128 191
2 160 191 191 1 128 191
2 160 191 192 refused
2 160 191 193 refused
2 160 191 194 refused
2 160 191 195 refused
2 160 191 196 refused
2 160 191 197 refused
2 160 191 198 refused
2 160 191 199 refused
2 160 191 200 refused
2 160 191 201 refused
2 160 191 202 refused
2 160 191 203 refused
2 160 191 204 refused
2 160 191 205 refused
2 160 191 206 refused
2 160 191 207 refused
2 160 191 208 refused
2 160 191 209 refused
2 160 191 210 refused
2 160 191 211 refused
2 160 191 212 refused
2 160 191 213 refused
2 160 191 214 refused
2 160 191 215 refused
2 160 191 216 refused
2 160 191 217 refused
2 160 191 218 refused
2 160 191 219 refused
2 160 191 220 refused
2 160 191 221 refused
2 160 191 222 refused
2 160 191 223 refused
2 160 191 224 refused
2 160 191 225 refused
2 160 191 226 refused
2 160 191 227 refused
2 160 191 228 refused
2 160 191 229 refused
2 160 191 230 refused
2 160 191 231 refused
2 160 191 232 refused
2 160 191 233 refused
2 160 191 234 refused
2 160 191 235 refused
2 160 191 236 refused
2 160 191 237 refused
2 160 191 238 refused
2 160 191 239 refused
2 160 191 240 refused
2 160 191 241 refused
2 160 191 242 refused
2 160 191 243 refused
2 160 191 244 refused
2 160 191 245 refused
2 160 191 246 refused
2 160 191 247 refused
2 160 191 248 refused
2 160 191 249 refused
2 160 191 250 refused
2 160 191 251 refused
2 160 191 252 refused
2 160 191 253 refused
2 160 191 254 refused
2 160 191 255 refused
2 128 159 0 refused
2 128 159 1 refused
2 128 159 2 refused
2 128 159 3 refused
2 128 159 4 refused
2 128 159 5 refused
2 128 159 6 refused
2 128 159 7 refused
2 128 159 8 refused
2 128 159 9 refused
2 128 159 10 refused
2 128 159 11 refused
2 128 159 12 refused
2 128 159 13 refused
2 128 159 14 refused
2 128 159 15 refused
2 128 159 16 refused
2 128 159 17 refused
2 128 159 18 refused
2 128 159 19 refused
2 128 159 20 refused
2 128 159 21 refused
2 128 159 22 refused
2 128 159 23 refused
2 128 159 24 refused
2 128 159 25 refused
2 128 159 26 refused
2 128 159 27 refused
2 128 159 28 refused
2 128 159 29 refused
2 128 159 30 refused
2 128 159 31 refused
2 128 159 32 refused
2 128 159 33 refused
2 128 159 34 refused
2 128 159 35 refused
2 128 159 36 refused
2 128 159 37 refused
2 128 159 38 refused
2 128 159 39 refused
2 128 159 40 refused
2 128 159 41 refused
2 128 159 42 refused
2 128 159 43 refused
2 128 159 44 refused
2 128 159 45 refused
2 128 159 46 refused
2 128 159 47 refused
2 128 159 48 refused
2 128 159 49 refused
2 128 159 50 refused
2 128 159 51 refused
2 128 159 52 refused
2 128 159 53 refused
2 128 159 54 refused
2 128 159 55 refused
2 128 159 56 refused
2 128 159 57 refused
2 128 159 58 refused
2 128 159 59 refused
2 128 159 60 refused
2 128 159 61 refused
2 128 159 62 refused
2 128 159 63 refused
2 128 159 64 refused
2 128 159 65 refused
2 128 159 66 refused
2 128 159 67 refused
2 128 159 68 refused
2 128 159 69 refused
2 128 159 70 refused
2 128 159 71 refused
2 128 159 72 refused
2 128 159 73 refused
2 128 159 74 refused
2 128 159 75 refused
2 128 159 76 refused
2 128 159 77 refused
2 128 159 78 refused
2 128 159 79 refused
2 128 159 80 refused
2 128 159 81 refused
2 128 159 82 refused
2 128 159 83 refused
2 128 159 84 refused
2 128 159 85 refused
2 128 159 86 refused
2 128 159 87 refused
2 128 159 88 refused
2 128 159 89 refused
2 128 159 90 refused
2 128 159 91 refused
2 128 159 92 refused
2 128 159 93 refused
2 128 159 94 refused
2 128 159 95 refused
2 128 159 96 refused
2 128 159 97 refused
2 128 159 98 refused
2 128 159 99 refused
2 128 159 100 refused
2 128 159 101 refused
2 128 159 102 refused
2 128 159 103 refused
2 128 159 104 refused
2 128 159 105 refused
2 128 159 106 refused
2 128 159 107 refused
2 128 159 108 refused
2 128 159 109 refused
2 128 159 110 refused
2 128 159 111 refused
2 128 159 112 refused
2 128 159 113 refused
2 128 159 114 refused
2 128 159 115 refused
2 128 159 116 refused
2 128 159 117 refused
2 128 159 118 refused
2 128 159 119 refused
2 128 159 120 refused
2 128 159 121 refused
2 128 159 122 refused
2 128 159 123 refused
2 128 159 124 refused
2 128 159 125 refused
2 128 159 126 refused
2 128 159 127 refused
2 128 159 128 1 128 191
2 128 159 129 1 128 191
2 128 159 130 1 128 191
2 128 159 131 1 128 191
2 128 159 132 1 128 191
2 128 159 133 1 128 191
2 128 159 134 1 128 191
2 128 159 135 1 128 191
2 128 159 136 1 128 191
2 128 159 137 1 128 191
2 128 159 138 1 128 191
2 128 159 139 1 128 191
2 128 159 140 1 128 191
2 128 159 141 1 128 191
2 128 159 142 1 128 191
2 128 159 143 1 128 191
2 128 159 144 1 128 191
2 128 159 145 1 128 191
2 128 159 146 1 128 191
2 128 159 147 1 128 191
2 128 159 148 1 128 191
2 128 159 149 1 128 191
2 128 159 150 1 128 191
2 128 159 151 1 128 191
2 128 159 152 1 128 191
2 128 159 153 1 128 191
2 128 159 154 1 128 191
2 128 159 155 1 128 191
2 128 159 156 1 128 191
2 128 159 157 1 128 191
2 128 159 158 1 128 191
2 128 159 159 1 128 191
2 128 159 160 refused
2 128 159 161 refused
2 128 159 162 refused
2 128 159 163 refused
2 128 159 164 refused
2 128 159 165 refused
2 128 159 166 refused
2 128 159 167 refused
2 128 159 168 refused
2 128 159 169 refused
2 128 159 170 refused
2 128 159 171 refused
2 128 159 172 refused
2 128 159 173 refused
2 128 159 174 refused
2 128 159 175 refused
2 128 159 176 refused
2 128 159 177 refused
2 128 159 178 refused
2 128 159 179 refused
2 128 159 180 refused
2 128 159 181 refused
2 128 159 182 refused
2 128 159 183 refused
2 128 159 184 refused
2 128 159 185 refused
2 128 159 186 refused
2 128 159 187 refused
2 128 159 188 refused
2 128 159 189 refused
2 128 159 190 refused
2 128 159 191 refused
2 128 159 192 refused
2 128 159 193 refused
2 128 159 194 refused
2 128 159 195 refused
2 128 159 196 refused
2 128 159 197 refused
2 128 159 198 refused
2 128 159 199 refused
2 128 159 200 refused
2 128 159 201 refused
2 128 159 202 refused
2 128 159 203 refused
2 128 159 204 refused
2 128 159 205 refused
2 128 159 206 refused
2 128 159 207 refused
2 128 159 208 refused
2 128 159 209 refused
2 128 159 210 refused
2 128 159 211 refused
2 128 159 212 refused
2 128 159 213 refused
2 128 159 214 refused
2 128 159 215 refused
2 128 159 216 refused
2 128 159 217 refused
2 128 159 218 refused
2 128 159 219 refused
2 128 159 220 refused
2 128 159 221 refused
2 128 159 222 refused
2 128 159 223 refused
2 128 159 224 refused
2 128 159 225 refused
2 128 159 226 refused
2 128 159 227 refused
2 128 159 228 refused
2 128 159 229 refused
2 128 159 230 refused
2 128 159 231 refused
2 128 159 232 refused
2 128 159 233 refused
2 128 159 234 refused
2 128 159 235 refused
2 128 159 236 refused
2 128 159 237 refused
2 128 159 238 refused
2 128 159 239 refused
2 128 159 240 refused
2 128 159 241 refused
2 128 159 242 refused
2 128 159 243 refused
2 128 159 244 refused
2 128 159 245 refused
2 128 159 246 refused
2 128 159 247 refused
2 128 159 248 refused
2 128 159 249 refused
2 128 159 250 refused
2 128 159 251 refused
2 128 159 252 refused
2 128 159 253 refused
2 128 159 254 refused
2 128 159 255 refused
3 144 191 0 refused
3 144 191 1 refused
3 144 191 2 refused
3 144 191 3 refused
3 144 191 4 refused
3 144 191 5 refused
3 144 191 6 refused
3 144 191 7 refused
3 144 191 8 refused
3 144 191 9 refused
3 144 191 10 refused
3 144 191 11 refused
3 144 191 12 refused
3 144 191 13 refused
3 144 191 14 refused
3 144 191 15 refused
3 144 191 16 refused
3 144 191 17 refused
3 144 191 18 refused
3 144 191 19 refused
3 144 191 20 refused
3 144 191 21 refused
3 144 191 22 refused
3 144 191 23 refused
3 144 191 24 refused
3 144 191 25 refused
3 144 191 26 refused
3 144 191 27 refused
3 144 191 28 refused
3 144 191 29 refused
3 144 191 30 refused
3 144 191 31 refused
3 144 191 32 refused
3 144 191 33 refused
3 144 191 34 refused
3 144 191 35 refused
3 144 191 36 refused
3 144 191 37 refused
3 144 191 38 refused
3 144 191 39 refused
3 144 191 40 refused
3 144 191 41 refused
3 144 191 42 refused
3 144 191 43 refused
3 144 191 44 refused
3 144 191 45 refused
3 144 191 46 refused
3 144 191 47 refused
3 144 191 48 refused
3 144 191 49 refused
3 144 191 50 refused
3 144 191 51 refused
3 144 191 52 refused
3 144 191 53 refused
3 144 191 54 refused
3 144 191 55 refused
3 144 191 56 refused
3 144 191 57 refused
3 144 191 58 refused
3 144 191 59 refused
3 144 191 60 refused
3 144 191 61 refused
3 144 191 62 refused
3 144 191 63 refused
3 144 191 64 refused
3 144 191 65 refused
3 144 191 66 refused
3 144 191 67 refused
3 144 191 68 refused
3 144 191 69 refused
3 144 191 70 refused
3 144 191 71 refused
3 144 191 72 refused
3 144 191 73 refused
3 144 191 74 refused
3 144 191 75 refused
3 144 191 76 refused
3 144 191 77 refused
3 144 191 78 refused
3 144 191 79 refused
3 144 191 80 refused
3 144 191 81 refused
3 144 191 82 refused
3 144 191 83 refused
3 144 191 84 refused
3 144 191 85 refused
3 144 191 86 refused
3 144 191 87 refused
3 144 191 88 refused
3 144 191 89 refused
3 144 191 90 refused
3 144 191 91 refused
3 144 191 92 refused
3 144 191 93 refused
3 144 191 94 refused
3 144 191 95 refused
3 144 191 96 refused
3 144 191 97 refused
3 144 191 98 refused
3 144 191 99 refused
3 144 191 100 refused
3 144 191 101 refused
3 144 191 102 refused
3 144 191 103 refused
3 144 191 104 refused
3 144 191 105 refused
3 144 191 106 refused
3 144 191 107 refused
3 144 191 108 refused
3 144 191 109 refused
3 144 191 110 refused
3 144 191 111 refused
3 144 191 112 refused
3 144 191 113 refused
3 144 191 114 refused
3 144 191 115 refused
3 144 191 116 refused
3 144 191 117 refused
3 144 191 118 refused
3 144 191 119 refused
3 144 191 120 refused
3 144 191 121 refused
3 144 191 122 refused
3 144 191 123 refused
3 144 191 124 refused
3 144 191 125 refused
3 144 191 126 refused
3 144 191 127 refused
3 144 191 128 refused
3 144 191 129 refused
3 144 191 130 refused
3 144 191 131 refused
3 144 191 132 refused
3 144 191 133 refused
3 144 191 134 refused
3 144 191 135 refused
3 144 191 136 refused
3 144 191 137 refused
3 144 191 138 refused
3 144 191 139 refused
3 144 191 140 refused
3 144 191 141 refused
3 144 191 142 refused
3 144 191 143 refused
3 144 191 144 2 128 191
3 144 191 145 2 128 191
3 144 191 146 2 128 191
3 144 191 147 2 128 191
3 144 191 148 2 128 191
3 144 191 149 2 128 191
3 144 191 150 2 128 191
3 144 191 151 2 128 191
3 144 191 152 2 128 191
3 144 191 153 2 128 191
3 144 191 154 2 128 191
3 144 191 155 2 128 191
3 144 191 156 2 128 191
3 144 191 157 2 128 191
3 144 191 158 2 128 191
3 144 191 159 2 128 191
3 144 191 160 2 128 191
3 144 191 161 2 128 191
3 144 191 162 2 128 191
3 144 191 163 2 128 191
3 144 191 164 2 128 191
3 144 191 165 2 128 191
3 144 191 166 2 128 191
3 144 191 167 2 128 191
3 144 191 168 2 128 191
3 144 191 169 2 128 191
3 144 191 170 2 128 191
3 144 191 171 2 128 191
3 144 191 172 2 128 191
3 144 191 173 2 128 191
3 144 191 174 2 128 191
3 144 191 175 2 128 191
3 144 191 176 2 128 191
3 144 191 177 2 128 191
3 144 191 178 2 128 191
3 144 191 179 2 128 191
3 144 191 180 2 128 191
3 144 191 181 2 128 191
3 144 191 182 2 128 191
3 144 191 183 2 128 191
3 144 191 184 2 128 191
3 144 191 185 2 128 191
3 144 191 186 2 128 191
3 144 191 187 2 128 191
3 144 191 188 2 128 191
3 144 191 189 2 128 191
3 144 191 190 2 128 191
3 144 191 191 2 128 191
3 144 191 192 refused
3 144 191 193 refused
3 144 191 194 refused
3 144 191 195 refused
3 144 191 196 refused
3 144 191 197 refused
3 144 191 198 refused
3 144 191 199 refused
3 144 191 200 refused
3 144 191 201 refused
3 144 191 202 refused
3 144 191 203 refused
3 144 191 204 refused
3 144 191 205 refused
3 144 191 206 refused
3 144 191 207 refused
3 144 191 208 refused
3 144 191 209 refused
3 144 191 210 refused
3 144 191 211 refused
3 144 191 212 refused
3 144 191 213 refused
3 144 191 214 refused
3 144 191 215 refused
3 144 191 216 refused
3 144 191 217 refused
3 144 191 218 refused
3 144 191 219 refused
3 144 191 220 refused
3 144 191 221 refused
3 144 191 222 refused
3 144 191 223 refused
3 144 191 224 refused
3 144 191 225 refused
3 144 191 226 refused
3 144 191 227 refused
3 144 191 228 refused
3 144 191 229 refused
3 144 191 230 refused
3 144 191 231 refused
3 144 191 232 refused
3 144 191 233 refused
3 144 191 234 refused
3 144 191 235 refused
3 144 191 236 refused
3 144 191 237 refused
3 144 191 238 refused
3 144 191 239 refused
3 144 191 240 refused
3 144 191 241 refused
3 144 191 242 refused
3 144 191 243 refused
3 144 191 244 refused
3 144 191 245 refused
3 144 191 246 refused
3 144 191 247 refused
3 144 191 248 refused
3 144 191 249 refused
3 144 191 250 refused
3 144 191 251 refused
3 144 191 252 refused
3 144 191 253 refused
3 144 191 254 refused
3 144 191 255 refused
3 128 143 0 refused
3 128 143 1 refused
3 128 143 2 refused
3 128 143 3 refused
3 128 143 4 refused
3 128 143 5 refused
3 128 143 6 refused
3 128 143 7 refused
3 128 143 8 refused
3 128 143 9 refused
3 128 143 10 refused
3 128 143 11 refused
3 128 143 12 refused
3 128 143 13 refused
3 128 143 14 refused
3 128 143 15 refused
3 128 143 16 refused
3 128 143 17 refused
3 128 143 18 refused
3 128 143 19 refused
3 128 143 20 refused
3 128 143 21 refused
3 128 143 22 refused
3 128 143 23 refused
3 128 143 24 refused
3 128 143 25 refused
3 128 143 26 refused
3 128 143 27 refused
3 128 143 28 refused
3 128 143 29 refused
3 128 143 30 refused
3 128 143 31 refused
3 128 143 32 refused
3 128 143 33 refused
3 128 143 34 refused
3 128 143 35 refused
3 128 143 36 refused
3 128 143 37 refused
3 128 143 38 refused
3 128 143 39 refused
3 128 143 40 refused
3 128 143 41 refused
3 128 143 42 refused
3 128 143 43 refused
3 128 143 44 refused
3 128 143 45 refused
3 128 143 46 refused
3 128 143 47 refused
3 128 143 48 refused
3 128 143 49 refused
3 128 143 50 refused
3 128 143 51 refused
3 128 143 52 refused
3 128 143 53 refused
3 128 143 54 refused
3 128 143 55 refused
3 128 143 56 refused
3 128 143 57 refused
3 128 143 58 refused
3 128 143 59 refused
3 128 143 60 refused
3 128 143 61 refused
3 128 143 62 refused
3 128 143 63 refused
3 128 143 64 refused
3 128 143 65 refused
3 128 143 66 refused
3 128 143 67 refused
3 128 143 68 refused
3 128 143 69 refused
3 128 143 70 refused
3 128 143 71 refused
3 128 143 72 refused
3 128 143 73 refused
3 128 143 74 refused
3 128 143 75 refused
3 128 143 76 refused
3 128 143 77 refused
3 128 143 78 refused
3 128 143 79 refused
3 128 143 80 refused
3 128 143 81 refused
3 128 143 82 refused
3 128 143 83 refused
3 128 143 84 refused
3 128 143 85 refused
3 128 143 86 refused
3 128 143 87 refused
3 128 143 88 refused
3 128 143 89 refused
3 128 143 90 refused
3 128 143 91 refused
3 128 143 92 refused
3 128 143 93 refused
3 128 143 94 refused
3 128 143 95 refused
3 128 143 96 refused
3 128 143 97 refused
3 128 143 98 refused
3 128 143 99 refused
3 128 143 100 refused
3 128 143 101 refused
3 128 143 102 refused
3 128 143 103 refused
3 128 143 104 refused
3 128 143 105 refused
3 128 143 106 refused
3 128 143 107 refused
3 128 143 108 refused
3 128 143 109 refused
3 128 143 110 refused
3 128 143 111 refused
3 128 143 112 refused
3 128 143 113 refused
3 128 143 114 refused
3 128 143 115 refused
3 128 143 116 refused
3 128 143 117 refused
3 128 143 118 refused
3 128 143 119 refused
3 128 143 120 refused
3 128 143 121 refused
3 128 143 122 refused
3 128 143 123 refused
3 128 143 124 refused
3 128 143 125 refused
3 128 143 126 refused
3 128 143 127 refused
3 128 143 128 2 128 191
3 128 143 129 2 128 191
3 128 143 130 2 128 191
3 128 143 131 2 128 191
3 128 143 132 2 128 191
3 128 143 133 2 128 191
3 128 143 134 2 128 191
3 128 143 135 2 128 191
3 128 143 136 2 128 191
3 128 143 137 2 128 191
3 128 143 138 2 128 191
3 128 143 139 2 128 191
3 128 143 140 2 128 191
3 128 143 141 2 128 191
3 128 143 142 2 128 191
3 128 143 143 2 128 191
3 128 143 144 refused
3 128 143 145 refused
3 128 143 146 refused
3 128 143 147 refused
3 128 143 148 refused
3 128 143 149 refused
3 128 143 150 refused
3 128 143 151 refused
3 128 143 152 refused
3 128 143 153 refused
3 128 143 154 refused
3 128 143 155 refused
3 128 143 156 refused
3 128 143 157 refused
3 128 143 158 refused
3 128 143 159 refused
3 128 143 160 refused
3 128 143 161 refused
3 128 143 162 refused
3 128 143 163 refused
3 128 143 164 refused
3 128 143 165 refused
3 128 143 166 refused
3 128 143 167 refused
3 128 143 168 refused
3 128 143 169 refused
3 128 143 170 refused
3 128 143 171 refused
3 128 143 172 refused
3 128 143 173 refused
3 128 143 174 refused
3 128 143 175 refused
3 128 143 176 refused
3 128 143 177 refused
3 128 143 178 refused
3 128 143 179 refused
3 128 143 180 refused
3 128 143 181 refused
3 128 143 182 refused
3 128 143 183 refused
3 128 143 184 refused
3 128 143 185 refused
3 128 143 186 refused
3 128 143 187 refused
3 128 143 188 refused
3 128 143 189 refused
3 128 143 190 refused
3 128 143 191 refused
3 128 143 192 refused
3 128 143 193 refused
3 128 143 194 refused
3 128 143 195 refused
3 128 143 196 refused
3 128 143 197 refused
3 128 143 198 refused
3 128 143 199 refused
3 128 143 200 refused
3 128 143 201 refused
3 128 143 202 refused
3 128 143 203 refused
3 128 143 204 refused
3 128 143 205 refused
3 128 143 206 refused
3 128 143 207 refused
3 128 143 208 refused
3 128 143 209 refused
3 128 143 210 refused
3 128 143 211 refused
3 128 143 212 refused
3 128 143 213 refused
3 128 143 214 refused
3 128 143 215 refused
3 128 143 216 refused
3 128 143 217 refused
3 128 143 218 refused
3 128 143 219 refused
3 128 143 220 refused
3 128 143 221 refused
3 128 143 222 refused
3 128 143 223 refused
3 128 143 224 refused
3 128 143 225 refused
3 128 143 226 refused
3 128 143 227 refused
3 128 143 228 refused
3 128 143 229 refused
3 128 143 230 refused
3 128 143 231 refused
3 128 143 232 refused
3 128 143 233 refused
3 128 143 234 refused
3 128 143 235 refused
3 128 143 236 refused
3 128 143 237 refused
3 128 143 238 refused
3 128 143 239 refused
3 128 143 240 refused
3 128 143 241 refused
3 128 143 242 refused
3 128 143 243 refused
3 128 143 244 refused
3 128 143 245 refused
3 128 143 246 refused
3 128 143 247 refused
3 128 143 248 refused
3 128 143 249 refused
3 128 143 250 refused
3 128 143 251 refused
3 128 143 252 refused
3 128 143 253 refused
3 128 143 254 refused
3 128 143 255 refused
